
Dataset Summary: Breakout_1000: 1 episodes, 1000 steps.
Episodes: 1
Total Steps: 1000
Reward Counts: -1=0, 0=970, +1=30
End Counts: not_ended=1000, ended=0

================================================================================
Episode 0
================================================================================
Length: 1000 steps
Return: 51.00
Info: {}

First 1000 steps:
--------------------------------------------------------------------------------
Step   Obs Mean     Obs Std      Action   Reward   End   Trunc
--------------------------------------------------------------------------------
0      -0.6804      0.4785       3        0.00     0     0    
1      -0.6799      0.4785       3        0.00     0     0    
2      -0.6798      0.4786       3        0.00     0     0    
3      -0.6798      0.4785       1        0.00     0     0    
4      -0.6800      0.4785       3        0.00     0     0    
5      -0.6796      0.4785       3        0.00     0     0    
6      -0.6801      0.4785       1        0.00     0     0    
7      -0.6801      0.4785       3        0.00     0     0    
8      -0.6801      0.4785       2        0.00     0     0    
9      -0.6796      0.4786       1        0.00     0     0    
10     -0.6800      0.4784       3        0.00     0     0    
11     -0.6796      0.4786       2        0.00     0     0    
12     -0.6796      0.4785       2        0.00     0     0    
13     -0.6796      0.4785       2        0.00     0     0    
14     -0.6795      0.4786       2        0.00     0     0    
15     -0.6796      0.4785       2        0.00     0     0    
16     -0.6795      0.4785       2        0.00     0     0    
17     -0.6795      0.4785       0        0.00     0     0    
18     -0.6805      0.4785       1        0.00     0     0    
19     -0.6806      0.4786       1        0.00     0     0    
20     -0.6806      0.4784       1        0.00     0     0    
21     -0.6806      0.4785       2        0.00     0     0    
22     -0.6809      0.4783       1        0.00     0     0    
23     -0.6809      0.4783       0        0.00     0     0    
24     -0.6809      0.4784       3        0.00     0     0    
25     -0.6809      0.4783       3        0.00     0     0    
26     -0.6795      0.4786       0        0.00     0     0    
27     -0.6800      0.4785       0        0.00     0     0    
28     -0.6801      0.4784       3        0.00     0     0    
29     -0.6795      0.4785       3        0.00     0     0    
30     -0.6795      0.4785       1        0.00     0     0    
31     -0.6800      0.4785       1        0.00     0     0    
32     -0.6801      0.4784       0        0.00     0     0    
33     -0.6801      0.4784       1        0.00     0     0    
34     -0.6801      0.4785       0        1.00     0     0    
35     -0.6801      0.4785       0        0.00     0     0    
36     -0.6832      0.4775       1        0.00     0     0    
37     -0.6832      0.4775       3        0.00     0     0    
38     -0.6827      0.4776       3        0.00     0     0    
39     -0.6827      0.4776       2        0.00     0     0    
40     -0.6828      0.4776       0        0.00     0     0    
41     -0.6831      0.4776       2        0.00     0     0    
42     -0.6827      0.4776       2        0.00     0     0    
43     -0.6827      0.4776       1        0.00     0     0    
44     -0.6831      0.4775       3        0.00     0     0    
45     -0.6828      0.4775       0        0.00     0     0    
46     -0.6831      0.4775       3        0.00     0     0    
47     -0.6827      0.4775       3        0.00     0     0    
48     -0.6827      0.4775       3        0.00     0     0    
49     -0.6826      0.4777       3        0.00     0     0    
50     -0.6832      0.4776       1        0.00     0     0    
51     -0.6832      0.4776       1        0.00     0     0    
52     -0.6832      0.4775       1        0.00     0     0    
53     -0.6832      0.4776       0        0.00     0     0    
54     -0.6832      0.4775       1        0.00     0     0    
55     -0.6832      0.4776       0        0.00     0     0    
56     -0.6832      0.4776       2        0.00     0     0    
57     -0.6827      0.4776       2        0.00     0     0    
58     -0.6827      0.4776       1        0.00     0     0    
59     -0.6831      0.4775       1        0.00     0     0    
60     -0.6832      0.4776       1        0.00     0     0    
61     -0.6832      0.4775       0        0.00     0     0    
62     -0.6832      0.4775       3        0.00     0     0    
63     -0.6828      0.4776       1        0.00     0     0    
64     -0.6831      0.4775       2        0.00     0     0    
65     -0.6827      0.4777       2        0.00     0     0    
66     -0.6826      0.4776       1        0.00     0     0    
67     -0.6831      0.4775       0        0.00     0     0    
68     -0.6832      0.4775       2        0.00     0     0    
69     -0.6827      0.4776       3        0.00     0     0    
70     -0.6828      0.4776       3        0.00     0     0    
71     -0.6826      0.4776       0        0.00     0     0    
72     -0.6831      0.4776       1        0.00     0     0    
73     -0.6831      0.4776       0        1.00     0     0    
74     -0.6823      0.4774       1        0.00     0     0    
75     -0.6828      0.4769       0        0.00     0     0    
76     -0.6828      0.4768       1        0.00     0     0    
77     -0.6828      0.4768       1        0.00     0     0    
78     -0.6828      0.4768       1        0.00     0     0    
79     -0.6828      0.4769       0        0.00     0     0    
80     -0.6828      0.4768       2        0.00     0     0    
81     -0.6823      0.4768       1        0.00     0     0    
82     -0.6827      0.4768       0        0.00     0     0    
83     -0.6828      0.4768       3        0.00     0     0    
84     -0.6823      0.4769       0        0.00     0     0    
85     -0.6827      0.4769       3        0.00     0     0    
86     -0.6824      0.4768       2        0.00     0     0    
87     -0.6824      0.4770       2        0.00     0     0    
88     -0.6822      0.4769       1        0.00     0     0    
89     -0.6827      0.4768       3        0.00     0     0    
90     -0.6823      0.4769       1        0.00     0     0    
91     -0.6827      0.4768       1        0.00     0     0    
92     -0.6828      0.4769       3        0.00     0     0    
93     -0.6824      0.4769       3        0.00     0     0    
94     -0.6822      0.4770       3        0.00     0     0    
95     -0.6828      0.4769       3        0.00     0     0    
96     -0.6828      0.4769       3        0.00     0     0    
97     -0.6831      0.4770       2        0.00     0     0    
98     -0.6824      0.4768       1        0.00     0     0    
99     -0.6828      0.4769       3        0.00     0     0    
100    -0.6824      0.4769       3        0.00     0     0    
101    -0.6829      0.4768       1        0.00     0     0    
102    -0.6829      0.4769       3        0.00     0     0    
103    -0.6829      0.4768       1        0.00     0     0    
104    -0.6829      0.4769       3        0.00     0     0    
105    -0.6829      0.4768       2        0.00     0     0    
106    -0.6824      0.4769       2        0.00     0     0    
107    -0.6824      0.4769       2        0.00     0     0    
108    -0.6823      0.4769       1        0.00     0     0    
109    -0.6828      0.4769       3        0.00     0     0    
110    -0.6824      0.4769       3        0.00     0     0    
111    -0.6824      0.4768       1        0.00     0     0    
112    -0.6828      0.4769       2        0.00     0     0    
113    -0.6824      0.4769       2        0.00     0     0    
114    -0.6823      0.4769       1        0.00     0     0    
115    -0.6828      0.4768       3        0.00     0     0    
116    -0.6824      0.4768       1        0.00     0     0    
117    -0.6828      0.4769       0        0.00     0     0    
118    -0.6829      0.4768       0        0.00     0     0    
119    -0.6829      0.4769       0        0.00     0     0    
120    -0.6828      0.4768       1        0.00     0     0    
121    -0.6828      0.4769       0        1.00     0     0    
122    -0.6837      0.4766       0        0.00     0     0    
123    -0.6842      0.4765       1        0.00     0     0    
124    -0.6842      0.4764       1        0.00     0     0    
125    -0.6842      0.4764       1        0.00     0     0    
126    -0.6842      0.4764       1        0.00     0     0    
127    -0.6842      0.4764       0        0.00     0     0    
128    -0.6842      0.4764       2        0.00     0     0    
129    -0.6837      0.4765       1        0.00     0     0    
130    -0.6841      0.4764       1        0.00     0     0    
131    -0.6842      0.4764       0        0.00     0     0    
132    -0.6842      0.4763       0        0.00     0     0    
133    -0.6842      0.4763       3        0.00     0     0    
134    -0.6837      0.4765       3        0.00     0     0    
135    -0.6837      0.4764       2        0.00     0     0    
136    -0.6838      0.4765       2        0.00     0     0    
137    -0.6836      0.4764       2        0.00     0     0    
138    -0.6837      0.4765       3        0.00     0     0    
139    -0.6838      0.4765       3        0.00     0     0    
140    -0.6836      0.4765       1        0.00     0     0    
141    -0.6841      0.4764       3        0.00     0     0    
142    -0.6838      0.4764       3        0.00     0     0    
143    -0.6836      0.4765       3        0.00     0     0    
144    -0.6842      0.4765       3        0.00     0     0    
145    -0.6842      0.4765       1        0.00     0     0    
146    -0.6843      0.4766       1        0.00     0     0    
147    -0.6843      0.4764       1        0.00     0     0    
148    -0.6844      0.4765       0        0.00     0     0    
149    -0.6843      0.4764       2        0.00     0     0    
150    -0.6838      0.4764       0        0.00     0     0    
151    -0.6842      0.4764       1        0.00     0     0    
152    -0.6843      0.4764       2        0.00     0     0    
153    -0.6838      0.4764       2        0.00     0     0    
154    -0.6837      0.4764       1        0.00     0     0    
155    -0.6842      0.4763       1        0.00     0     0    
156    -0.6843      0.4764       1        0.00     0     0    
157    -0.6843      0.4764       1        0.00     0     0    
158    -0.6844      0.4763       0        1.00     0     0    
159    -0.6859      0.4757       0        0.00     0     0    
160    -0.6859      0.4757       0        0.00     0     0    
161    -0.6859      0.4758       0        0.00     0     0    
162    -0.6859      0.4758       1        0.00     0     0    
163    -0.6859      0.4757       2        0.00     0     0    
164    -0.6853      0.4758       3        0.00     0     0    
165    -0.6854      0.4758       1        0.00     0     0    
166    -0.6858      0.4758       0        0.00     0     0    
167    -0.6859      0.4758       3        0.00     0     0    
168    -0.6853      0.4758       0        0.00     0     0    
169    -0.6858      0.4757       1        0.00     0     0    
170    -0.6858      0.4759       2        0.00     0     0    
171    -0.6852      0.4759       3        0.00     0     0    
172    -0.6852      0.4758       1        0.00     0     0    
173    -0.6857      0.4758       2        0.00     0     0    
174    -0.6852      0.4759       0        0.00     0     0    
175    -0.6857      0.4757       1        0.00     0     0    
176    -0.6858      0.4758       1        0.00     0     0    
177    -0.6859      0.4758       1        0.00     0     0    
178    -0.6858      0.4758       0        0.00     0     0    
179    -0.6858      0.4757       1        0.00     0     0    
180    -0.6858      0.4757       1        0.00     0     0    
181    -0.6858      0.4758       0        1.00     0     0    
182    -0.6863      0.4752       0        0.00     0     0    
183    -0.6865      0.4751       1        0.00     0     0    
184    -0.6865      0.4750       1        0.00     0     0    
185    -0.6866      0.4751       2        0.00     0     0    
186    -0.6860      0.4752       3        0.00     0     0    
187    -0.6861      0.4751       2        0.00     0     0    
188    -0.6861      0.4752       0        0.00     0     0    
189    -0.6864      0.4750       1        0.00     0     0    
190    -0.6865      0.4751       0        0.00     0     0    
191    -0.6865      0.4751       1        0.00     0     0    
192    -0.6865      0.4751       1        0.00     0     0    
193    -0.6865      0.4752       0        0.00     0     0    
194    -0.6866      0.4751       1        0.00     0     0    
195    -0.6866      0.4751       0        0.00     0     0    
196    -0.6866      0.4752       0        0.00     0     0    
197    -0.6866      0.4750       0        0.00     0     0    
198    -0.6866      0.4750       1        0.00     0     0    
199    -0.6866      0.4750       1        0.00     0     0    
200    -0.6866      0.4752       1        0.00     0     0    
201    -0.6866      0.4751       0        0.00     0     0    
202    -0.6866      0.4751       3        0.00     0     0    
203    -0.6862      0.4751       3        0.00     0     0    
204    -0.6860      0.4751       0        0.00     0     0    
205    -0.6865      0.4752       0        1.00     0     0    
206    -0.6881      0.4747       0        0.00     0     0    
207    -0.6881      0.4746       2        0.00     0     0    
208    -0.6876      0.4746       3        0.00     0     0    
209    -0.6876      0.4747       2        0.00     0     0    
210    -0.6876      0.4747       2        0.00     0     0    
211    -0.6876      0.4748       3        0.00     0     0    
212    -0.6877      0.4746       2        0.00     0     0    
213    -0.6877      0.4746       2        0.00     0     0    
214    -0.6875      0.4746       2        0.00     0     0    
215    -0.6875      0.4747       0        0.00     0     0    
216    -0.6885      0.4749       0        0.00     0     0    
217    -0.6887      0.4748       0        0.00     0     0    
218    -0.6886      0.4747       0        0.00     0     0    
219    -0.6886      0.4746       3        0.00     0     0    
220    -0.6875      0.4747       3        0.00     0     0    
221    -0.6874      0.4747       3        0.00     0     0    
222    -0.6875      0.4747       0        0.00     0     0    
223    -0.6880      0.4746       2        0.00     0     0    
224    -0.6875      0.4748       3        0.00     0     0    
225    -0.6877      0.4747       3        0.00     0     0    
226    -0.6874      0.4747       1        0.00     0     0    
227    -0.6880      0.4746       1        0.00     0     0    
228    -0.6881      0.4746       0        0.00     0     0    
229    -0.6881      0.4748       0        1.00     0     0    
230    -0.6900      0.4738       0        0.00     0     0    
231    -0.6900      0.4738       0        0.00     0     0    
232    -0.6900      0.4737       1        0.00     0     0    
233    -0.6900      0.4738       2        0.00     0     0    
234    -0.6895      0.4739       1        0.00     0     0    
235    -0.6899      0.4738       1        0.00     0     0    
236    -0.6900      0.4737       0        0.00     0     0    
237    -0.6900      0.4737       1        0.00     0     0    
238    -0.6900      0.4737       2        0.00     0     0    
239    -0.6895      0.4739       1        0.00     0     0    
240    -0.6899      0.4738       1        0.00     0     0    
241    -0.6900      0.4738       1        0.00     0     0    
242    -0.6900      0.4739       2        0.00     0     0    
243    -0.6894      0.4739       0        0.00     0     0    
244    -0.6898      0.4738       0        0.00     0     0    
245    -0.6900      0.4738       0        0.00     0     0    
246    -0.6900      0.4738       1        0.00     0     0    
247    -0.6900      0.4739       2        0.00     0     0    
248    -0.6894      0.4739       1        0.00     0     0    
249    -0.6904      0.4738       1        0.00     0     0    
250    -0.6905      0.4737       1        0.00     0     0    
251    -0.6905      0.4738       0        0.00     0     0    
252    -0.6905      0.4738       1        0.00     0     0    
253    -0.6905      0.4738       3        0.00     0     0    
254    -0.6894      0.4738       3        0.00     0     0    
255    -0.6893      0.4739       3        0.00     0     0    
256    -0.6894      0.4739       1        0.00     0     0    
257    -0.6898      0.4738       1        0.00     0     0    
258    -0.6900      0.4738       1        0.00     0     0    
259    -0.6900      0.4738       1        0.00     0     0    
260    -0.6900      0.4738       1        0.00     0     0    
261    -0.6900      0.4738       1        0.00     0     0    
262    -0.6900      0.4738       0        0.00     0     0    
263    -0.6900      0.4738       1        0.00     0     0    
264    -0.6900      0.4738       0        1.00     0     0    
265    -0.6896      0.4735       0        0.00     0     0    
266    -0.6896      0.4735       3        0.00     0     0    
267    -0.6891      0.4735       2        0.00     0     0    
268    -0.6891      0.4735       3        0.00     0     0    
269    -0.6891      0.4736       1        0.00     0     0    
270    -0.6895      0.4735       2        0.00     0     0    
271    -0.6891      0.4736       3        0.00     0     0    
272    -0.6891      0.4735       0        0.00     0     0    
273    -0.6895      0.4735       2        0.00     0     0    
274    -0.6891      0.4736       3        0.00     0     0    
275    -0.6891      0.4736       3        0.00     0     0    
276    -0.6891      0.4735       1        0.00     0     0    
277    -0.6895      0.4734       2        0.00     0     0    
278    -0.6891      0.4735       2        0.00     0     0    
279    -0.6890      0.4736       1        0.00     0     0    
280    -0.6895      0.4735       2        0.00     0     0    
281    -0.6891      0.4735       2        0.00     0     0    
282    -0.6890      0.4735       2        0.00     0     0    
283    -0.6890      0.4736       1        0.00     0     0    
284    -0.6901      0.4736       0        0.00     0     0    
285    -0.6902      0.4734       1        0.00     0     0    
286    -0.6902      0.4734       3        0.00     0     0    
287    -0.6891      0.4736       3        0.00     0     0    
288    -0.6890      0.4737       3        0.00     0     0    
289    -0.6891      0.4735       2        0.00     0     0    
290    -0.6892      0.4735       0        0.00     0     0    
291    -0.6895      0.4734       3        0.00     0     0    
292    -0.6892      0.4735       1        0.00     0     0    
293    -0.6895      0.4734       0        0.00     0     0    
294    -0.6896      0.4735       1        0.00     0     0    
295    -0.6896      0.4735       1        0.00     0     0    
296    -0.6896      0.4735       3        0.00     0     0    
297    -0.6891      0.4735       0        0.00     0     0    
298    -0.6895      0.4735       1        0.00     0     0    
299    -0.6896      0.4735       2        0.00     0     0    
300    -0.6891      0.4736       0        0.00     0     0    
301    -0.6895      0.4735       0        0.00     0     0    
302    -0.6896      0.4734       0        0.00     0     0    
303    -0.6896      0.4734       1        0.00     0     0    
304    -0.6896      0.4734       0        0.00     0     0    
305    -0.6896      0.4735       1        0.00     0     0    
306    -0.6896      0.4734       1        0.00     0     0    
307    -0.6896      0.4734       1        0.00     0     0    
308    -0.6896      0.4734       0        0.00     0     0    
309    -0.6896      0.4734       1        0.00     0     0    
310    -0.6896      0.4735       0        0.00     0     0    
311    -0.6896      0.4734       0        1.00     0     0    
312    -0.6908      0.4728       0        0.00     0     0    
313    -0.6917      0.4726       0        0.00     0     0    
314    -0.6917      0.4726       3        0.00     0     0    
315    -0.6912      0.4728       1        0.00     0     0    
316    -0.6916      0.4727       0        0.00     0     0    
317    -0.6917      0.4726       1        0.00     0     0    
318    -0.6917      0.4726       1        0.00     0     0    
319    -0.6917      0.4727       2        0.00     0     0    
320    -0.6912      0.4728       1        0.00     0     0    
321    -0.6916      0.4726       1        0.00     0     0    
322    -0.6917      0.4726       1        0.00     0     0    
323    -0.6917      0.4726       1        0.00     0     0    
324    -0.6917      0.4726       1        0.00     0     0    
325    -0.6917      0.4726       3        0.00     0     0    
326    -0.6912      0.4727       0        0.00     0     0    
327    -0.6916      0.4726       2        0.00     0     0    
328    -0.6912      0.4727       2        0.00     0     0    
329    -0.6912      0.4728       0        0.00     0     0    
330    -0.6916      0.4726       3        0.00     0     0    
331    -0.6913      0.4726       3        0.00     0     0    
332    -0.6911      0.4727       3        0.00     0     0    
333    -0.6912      0.4727       0        0.00     0     0    
334    -0.6916      0.4727       0        0.00     0     0    
335    -0.6917      0.4726       3        0.00     0     0    
336    -0.6914      0.4728       1        0.00     0     0    
337    -0.6917      0.4728       0        0.00     0     0    
338    -0.6917      0.4727       1        0.00     0     0    
339    -0.6917      0.4726       1        0.00     0     0    
340    -0.6917      0.4726       1        0.00     0     0    
341    -0.6917      0.4727       1        0.00     0     0    
342    -0.6917      0.4727       1        0.00     0     0    
343    -0.6917      0.4727       2        0.00     0     0    
344    -0.6912      0.4727       2        0.00     0     0    
345    -0.6912      0.4727       1        0.00     0     0    
346    -0.6916      0.4727       2        0.00     0     0    
347    -0.6912      0.4727       1        0.00     0     0    
348    -0.6916      0.4726       3        0.00     0     0    
349    -0.6912      0.4727       0        0.00     0     0    
350    -0.6916      0.4727       2        0.00     0     0    
351    -0.6912      0.4728       0        0.00     0     0    
352    -0.6916      0.4726       1        0.00     0     0    
353    -0.6917      0.4726       1        0.00     0     0    
354    -0.6917      0.4726       1        0.00     0     0    
355    -0.6917      0.4727       3        0.00     0     0    
356    -0.6912      0.4727       1        0.00     0     0    
357    -0.6916      0.4726       0        0.00     0     0    
358    -0.6917      0.4726       0        0.00     0     0    
359    -0.6917      0.4727       1        1.00     0     0    
360    -0.6914      0.4729       0        0.00     0     0    
361    -0.6943      0.4720       2        0.00     0     0    
362    -0.6937      0.4720       3        0.00     0     0    
363    -0.6937      0.4721       1        0.00     0     0    
364    -0.6942      0.4721       0        0.00     0     0    
365    -0.6943      0.4720       3        0.00     0     0    
366    -0.6939      0.4721       0        0.00     0     0    
367    -0.6942      0.4720       2        0.00     0     0    
368    -0.6937      0.4721       2        0.00     0     0    
369    -0.6936      0.4721       1        0.00     0     0    
370    -0.6942      0.4720       1        0.00     0     0    
371    -0.6943      0.4720       1        0.00     0     0    
372    -0.6943      0.4719       1        0.00     0     0    
373    -0.6943      0.4720       0        0.00     0     0    
374    -0.6943      0.4720       3        0.00     0     0    
375    -0.6938      0.4721       1        0.00     0     0    
376    -0.6942      0.4720       1        0.00     0     0    
377    -0.6943      0.4720       1        0.00     0     0    
378    -0.6943      0.4720       0        0.00     0     0    
379    -0.6943      0.4721       0        0.00     0     0    
380    -0.6943      0.4720       2        0.00     0     0    
381    -0.6937      0.4720       0        0.00     0     0    
382    -0.6942      0.4720       0        0.00     0     0    
383    -0.6943      0.4721       0        0.00     0     0    
384    -0.6943      0.4720       0        0.00     0     0    
385    -0.6943      0.4720       2        0.00     0     0    
386    -0.6937      0.4721       0        0.00     0     0    
387    -0.6942      0.4720       1        0.00     0     0    
388    -0.6943      0.4720       2        0.00     0     0    
389    -0.6937      0.4721       2        0.00     0     0    
390    -0.6936      0.4721       0        0.00     0     0    
391    -0.6947      0.4721       0        0.00     0     0    
392    -0.6948      0.4720       0        0.00     0     0    
393    -0.6948      0.4719       3        0.00     0     0    
394    -0.6937      0.4721       0        0.00     0     0    
395    -0.6942      0.4721       3        0.00     0     0    
396    -0.6937      0.4721       1        0.00     0     0    
397    -0.6942      0.4720       0        0.00     0     0    
398    -0.6943      0.4719       1        0.00     0     0    
399    -0.6943      0.4720       1        0.00     0     0    
400    -0.6943      0.4720       0        0.00     0     0    
401    -0.6943      0.4720       0        0.00     0     0    
402    -0.6943      0.4720       1        0.00     0     0    
403    -0.6943      0.4720       1        0.00     0     0    
404    -0.6943      0.4720       1        0.00     0     0    
405    -0.6943      0.4720       0        0.00     0     0    
406    -0.6942      0.4720       0        0.00     0     0    
407    -0.6942      0.4720       0        1.00     0     0    
408    -0.6975      0.4709       0        0.00     0     0    
409    -0.6973      0.4709       3        0.00     0     0    
410    -0.6969      0.4709       3        0.00     0     0    
411    -0.6966      0.4709       2        0.00     0     0    
412    -0.6968      0.4709       1        0.00     0     0    
413    -0.6972      0.4709       1        0.00     0     0    
414    -0.6973      0.4709       3        0.00     0     0    
415    -0.6968      0.4710       1        0.00     0     0    
416    -0.6972      0.4709       2        0.00     0     0    
417    -0.6968      0.4709       3        0.00     0     0    
418    -0.6968      0.4710       0        0.00     0     0    
419    -0.6972      0.4709       2        0.00     0     0    
420    -0.6968      0.4710       1        0.00     0     0    
421    -0.6972      0.4708       2        0.00     0     0    
422    -0.6968      0.4710       1        0.00     0     0    
423    -0.6972      0.4709       1        0.00     0     0    
424    -0.6973      0.4709       1        0.00     0     0    
425    -0.6973      0.4709       2        0.00     0     0    
426    -0.6968      0.4709       2        0.00     0     0    
427    -0.6966      0.4710       1        0.00     0     0    
428    -0.6977      0.4710       1        0.00     0     0    
429    -0.6978      0.4708       0        0.00     0     0    
430    -0.6978      0.4708       3        0.00     0     0    
431    -0.6967      0.4710       3        0.00     0     0    
432    -0.6967      0.4711       3        0.00     0     0    
433    -0.6967      0.4710       2        0.00     0     0    
434    -0.6969      0.4709       1        0.00     0     0    
435    -0.6972      0.4708       3        0.00     0     0    
436    -0.6969      0.4709       1        0.00     0     0    
437    -0.6972      0.4709       2        0.00     0     0    
438    -0.6967      0.4710       3        0.00     0     0    
439    -0.6969      0.4709       1        0.00     0     0    
440    -0.6972      0.4708       1        0.00     0     0    
441    -0.6973      0.4709       1        0.00     0     0    
442    -0.6973      0.4709       1        0.00     0     0    
443    -0.6973      0.4709       0        1.00     0     0    
444    -0.6964      0.4712       0        0.00     0     0    
445    -0.6969      0.4707       0        0.00     0     0    
446    -0.6969      0.4707       0        0.00     0     0    
447    -0.6969      0.4707       1        0.00     0     0    
448    -0.6969      0.4707       0        0.00     0     0    
449    -0.6969      0.4707       2        0.00     0     0    
450    -0.6964      0.4708       3        0.00     0     0    
451    -0.6965      0.4708       1        0.00     0     0    
452    -0.6968      0.4707       1        0.00     0     0    
453    -0.6969      0.4707       1        0.00     0     0    
454    -0.6969      0.4707       1        0.00     0     0    
455    -0.6969      0.4708       0        0.00     0     0    
456    -0.6969      0.4707       1        0.00     0     0    
457    -0.6969      0.4707       1        0.00     0     0    
458    -0.6969      0.4707       2        0.00     0     0    
459    -0.6964      0.4708       1        0.00     0     0    
460    -0.6968      0.4707       1        0.00     0     0    
461    -0.6969      0.4707       1        0.00     0     0    
462    -0.6969      0.4707       0        0.00     0     0    
463    -0.6969      0.4707       0        0.00     0     0    
464    -0.6969      0.4707       0        0.00     0     0    
465    -0.6969      0.4707       0        0.00     0     0    
466    -0.6969      0.4707       3        0.00     0     0    
467    -0.6966      0.4708       0        1.00     0     0    
468    -0.6984      0.4705       0        0.00     0     0    
469    -0.6985      0.4705       3        0.00     0     0    
470    -0.6979      0.4705       1        0.00     0     0    
471    -0.6984      0.4705       1        0.00     0     0    
472    -0.6985      0.4705       1        0.00     0     0    
473    -0.6985      0.4705       2        0.00     0     0    
474    -0.6979      0.4706       2        0.00     0     0    
475    -0.6979      0.4706       3        0.00     0     0    
476    -0.6980      0.4705       3        0.00     0     0    
477    -0.6978      0.4706       3        0.00     0     0    
478    -0.6979      0.4706       3        0.00     0     0    
479    -0.6979      0.4707       3        0.00     0     0    
480    -0.6985      0.4705       3        0.00     0     0    
481    -0.6985      0.4706       3        0.00     0     0    
482    -0.6986      0.4706       3        0.00     0     0    
483    -0.6985      0.4706       1        0.00     0     0    
484    -0.6985      0.4706       2        0.00     0     0    
485    -0.6979      0.4706       2        0.00     0     0    
486    -0.6979      0.4705       0        0.00     0     0    
487    -0.6984      0.4705       2        0.00     0     0    
488    -0.6979      0.4706       1        0.00     0     0    
489    -0.6984      0.4705       1        0.00     0     0    
490    -0.6985      0.4705       0        1.00     0     0    
491    -0.6992      0.4699       0        0.00     0     0    
492    -0.7000      0.4699       3        0.00     0     0    
493    -0.6995      0.4700       0        0.00     0     0    
494    -0.6999      0.4700       2        0.00     0     0    
495    -0.6995      0.4700       0        0.00     0     0    
496    -0.6999      0.4699       0        0.00     0     0    
497    -0.7000      0.4699       2        0.00     0     0    
498    -0.6995      0.4700       0        0.00     0     0    
499    -0.6999      0.4699       2        0.00     0     0    
500    -0.6996      0.4700       2        0.00     0     0    
501    -0.6993      0.4700       3        0.00     0     0    
502    -0.6995      0.4701       3        0.00     0     0    
503    -0.6994      0.4700       3        0.00     0     0    
504    -0.6994      0.4701       2        0.00     0     0    
505    -0.6997      0.4700       2        0.00     0     0    
506    -0.6993      0.4700       2        0.00     0     0    
507    -0.6993      0.4700       3        0.00     0     0    
508    -0.6995      0.4700       3        0.00     0     0    
509    -0.6994      0.4700       3        0.00     0     0    
510    -0.6995      0.4700       1        0.00     0     0    
511    -0.6999      0.4699       0        0.00     0     0    
512    -0.7000      0.4700       3        0.00     0     0    
513    -0.6995      0.4700       0        0.00     0     0    
514    -0.6998      0.4699       0        1.00     0     0    
515    -0.7004      0.4700       0        0.00     0     0    
516    -0.7006      0.4691       2        0.00     0     0    
517    -0.7001      0.4691       1        0.00     0     0    
518    -0.7005      0.4690       0        0.00     0     0    
519    -0.7006      0.4689       0        0.00     0     0    
520    -0.7006      0.4689       0        0.00     0     0    
521    -0.7006      0.4690       0        0.00     0     0    
522    -0.7006      0.4690       0        0.00     0     0    
523    -0.7007      0.4690       3        0.00     0     0    
524    -0.7001      0.4691       3        0.00     0     0    
525    -0.7001      0.4691       1        0.00     0     0    
526    -0.7005      0.4691       1        0.00     0     0    
527    -0.7006      0.4690       2        0.00     0     0    
528    -0.7001      0.4691       0        0.00     0     0    
529    -0.7005      0.4691       0        0.00     0     0    
530    -0.7006      0.4691       2        0.00     0     0    
531    -0.7001      0.4691       1        0.00     0     0    
532    -0.7005      0.4690       1        0.00     0     0    
533    -0.7006      0.4689       0        0.00     0     0    
534    -0.7006      0.4690       1        0.00     0     0    
535    -0.7006      0.4690       0        0.00     0     0    
536    -0.7006      0.4690       1        0.00     0     0    
537    -0.7006      0.4689       1        0.00     0     0    
538    -0.7006      0.4689       3        0.00     0     0    
539    -0.7001      0.4692       0        1.00     0     0    
540    -0.7020      0.4689       0        0.00     0     0    
541    -0.7022      0.4689       2        0.00     0     0    
542    -0.7016      0.4689       3        0.00     0     0    
543    -0.7016      0.4689       2        0.00     0     0    
544    -0.7016      0.4689       2        0.00     0     0    
545    -0.7016      0.4689       0        0.00     0     0    
546    -0.7020      0.4687       1        0.00     0     0    
547    -0.7021      0.4688       1        0.00     0     0    
548    -0.7021      0.4688       3        0.00     0     0    
549    -0.7017      0.4688       0        0.00     0     0    
550    -0.7020      0.4687       0        0.00     0     0    
551    -0.7021      0.4688       3        0.00     0     0    
552    -0.7020      0.4688       2        0.00     0     0    
553    -0.7020      0.4689       3        0.00     0     0    
554    -0.7020      0.4689       0        0.00     0     0    
555    -0.7024      0.4688       1        0.00     0     0    
556    -0.7027      0.4690       1        0.00     0     0    
557    -0.7027      0.4689       0        0.00     0     0    
558    -0.7027      0.4689       0        0.00     0     0    
559    -0.7027      0.4689       2        0.00     0     0    
560    -0.7022      0.4690       0        0.00     0     0    
561    -0.7026      0.4689       0        0.00     0     0    
562    -0.7027      0.4688       0        0.00     0     0    
563    -0.7027      0.4689       2        0.00     0     0    
564    -0.7022      0.4690       1        0.00     0     0    
565    -0.7026      0.4689       1        0.00     0     0    
566    -0.7027      0.4690       1        0.00     0     0    
567    -0.7027      0.4689       2        0.00     0     0    
568    -0.7022      0.4690       2        0.00     0     0    
569    -0.7021      0.4690       1        0.00     0     0    
570    -0.7032      0.4689       1        0.00     0     0    
571    -0.7033      0.4690       1        0.00     0     0    
572    -0.7032      0.4688       0        0.00     0     0    
573    -0.7032      0.4689       2        0.00     0     0    
574    -0.7036      0.4688       3        0.00     0     0    
575    -0.7036      0.4688       1        0.00     0     0    
576    -0.7033      0.4689       3        0.00     0     0    
577    -0.7022      0.4690       3        0.00     0     0    
578    -0.7021      0.4691       0        0.00     0     0    
579    -0.7026      0.4689       1        0.00     0     0    
580    -0.7027      0.4688       3        0.00     0     0    
581    -0.7023      0.4690       1        0.00     0     0    
582    -0.7026      0.4688       1        0.00     0     0    
583    -0.7027      0.4690       1        0.00     0     0    
584    -0.7027      0.4689       0        0.00     0     0    
585    -0.7027      0.4689       0        0.00     0     0    
586    -0.7027      0.4689       0        0.00     0     0    
587    -0.7026      0.4688       0        1.00     0     0    
588    -0.7028      0.4690       0        0.00     0     0    
589    -0.7046      0.4683       0        0.00     0     0    
590    -0.7047      0.4683       3        0.00     0     0    
591    -0.7041      0.4684       0        0.00     0     0    
592    -0.7046      0.4683       2        0.00     0     0    
593    -0.7041      0.4685       1        0.00     0     0    
594    -0.7046      0.4683       0        0.00     0     0    
595    -0.7047      0.4683       0        0.00     0     0    
596    -0.7047      0.4683       2        0.00     0     0    
597    -0.7041      0.4684       3        0.00     0     0    
598    -0.7042      0.4685       1        0.00     0     0    
599    -0.7045      0.4683       1        0.00     0     0    
600    -0.7047      0.4683       3        0.00     0     0    
601    -0.7041      0.4684       3        0.00     0     0    
602    -0.7041      0.4683       3        0.00     0     0    
603    -0.7040      0.4685       3        0.00     0     0    
604    -0.7046      0.4684       1        0.00     0     0    
605    -0.7046      0.4684       1        0.00     0     0    
606    -0.7046      0.4685       2        0.00     0     0    
607    -0.7041      0.4684       1        0.00     0     0    
608    -0.7045      0.4683       2        0.00     0     0    
609    -0.7041      0.4685       1        0.00     0     0    
610    -0.7045      0.4684       1        0.00     0     0    
611    -0.7046      0.4683       2        0.00     0     0    
612    -0.7041      0.4684       1        0.00     0     0    
613    -0.7045      0.4683       1        0.00     0     0    
614    -0.7046      0.4683       1        0.00     0     0    
615    -0.7046      0.4683       0        0.00     0     0    
616    -0.7046      0.4683       1        0.00     0     0    
617    -0.7046      0.4683       0        0.00     0     0    
618    -0.7046      0.4682       0        0.00     0     0    
619    -0.7046      0.4683       0        1.00     0     0    
620    -0.7047      0.4683       0        0.00     0     0    
621    -0.7043      0.4683       3        0.00     0     0    
622    -0.7038      0.4685       1        0.00     0     0    
623    -0.7042      0.4684       0        0.00     0     0    
624    -0.7043      0.4684       0        0.00     0     0    
625    -0.7043      0.4684       1        0.00     0     0    
626    -0.7043      0.4683       0        0.00     0     0    
627    -0.7043      0.4684       1        0.00     0     0    
628    -0.7043      0.4683       1        0.00     0     0    
629    -0.7043      0.4684       2        0.00     0     0    
630    -0.7038      0.4685       2        0.00     0     0    
631    -0.7038      0.4685       1        0.00     0     0    
632    -0.7042      0.4684       1        0.00     0     0    
633    -0.7043      0.4683       1        0.00     0     0    
634    -0.7043      0.4684       2        0.00     0     0    
635    -0.7038      0.4684       2        0.00     0     0    
636    -0.7037      0.4685       3        0.00     0     0    
637    -0.7038      0.4685       1        0.00     0     0    
638    -0.7042      0.4684       2        0.00     0     0    
639    -0.7038      0.4685       1        0.00     0     0    
640    -0.7047      0.4685       1        0.00     0     0    
641    -0.7048      0.4684       3        0.00     0     0    
642    -0.7037      0.4685       3        0.00     0     0    
643    -0.7036      0.4685       3        0.00     0     0    
644    -0.7037      0.4685       0        0.00     0     0    
645    -0.7041      0.4684       0        0.00     0     0    
646    -0.7042      0.4684       3        0.00     0     0    
647    -0.7037      0.4685       1        0.00     0     0    
648    -0.7041      0.4684       0        0.00     0     0    
649    -0.7042      0.4684       1        0.00     0     0    
650    -0.7042      0.4684       0        0.00     0     0    
651    -0.7042      0.4684       0        0.00     0     0    
652    -0.7042      0.4684       0        0.00     0     0    
653    -0.7042      0.4684       2        0.00     0     0    
654    -0.7037      0.4685       1        0.00     0     0    
655    -0.7041      0.4684       0        0.00     0     0    
656    -0.7042      0.4683       0        0.00     0     0    
657    -0.7042      0.4683       0        0.00     0     0    
658    -0.7042      0.4684       0        0.00     0     0    
659    -0.7041      0.4683       0        0.00     0     0    
660    -0.7043      0.4684       0        1.00     0     0    
661    -0.7061      0.4677       0        0.00     0     0    
662    -0.7062      0.4677       0        0.00     0     0    
663    -0.7062      0.4677       0        0.00     0     0    
664    -0.7062      0.4677       0        0.00     0     0    
665    -0.7062      0.4677       1        0.00     0     0    
666    -0.7063      0.4677       3        0.00     0     0    
667    -0.7057      0.4679       0        0.00     0     0    
668    -0.7061      0.4678       2        0.00     0     0    
669    -0.7057      0.4678       1        0.00     0     0    
670    -0.7061      0.4677       3        0.00     0     0    
671    -0.7057      0.4678       1        0.00     0     0    
672    -0.7061      0.4678       2        0.00     0     0    
673    -0.7057      0.4678       0        0.00     0     0    
674    -0.7061      0.4677       2        0.00     0     0    
675    -0.7057      0.4679       1        0.00     0     0    
676    -0.7061      0.4677       1        0.00     0     0    
677    -0.7063      0.4678       0        0.00     0     0    
678    -0.7062      0.4677       1        0.00     0     0    
679    -0.7062      0.4677       1        0.00     0     0    
680    -0.7062      0.4678       1        0.00     0     0    
681    -0.7063      0.4677       1        0.00     0     0    
682    -0.7062      0.4678       1        0.00     0     0    
683    -0.7062      0.4677       2        0.00     0     0    
684    -0.7057      0.4678       2        0.00     0     0    
685    -0.7056      0.4679       0        0.00     0     0    
686    -0.7066      0.4677       0        0.00     0     0    
687    -0.7068      0.4677       3        0.00     0     0    
688    -0.7056      0.4680       3        0.00     0     0    
689    -0.7055      0.4678       3        0.00     0     0    
690    -0.7056      0.4678       3        0.00     0     0    
691    -0.7055      0.4678       0        0.00     0     0    
692    -0.7061      0.4677       2        0.00     0     0    
693    -0.7056      0.4678       1        0.00     0     0    
694    -0.7061      0.4677       3        0.00     0     0    
695    -0.7056      0.4678       1        0.00     0     0    
696    -0.7061      0.4678       0        1.00     0     0    
697    -0.7045      0.4677       0        0.00     0     0    
698    -0.7053      0.4671       2        0.00     0     0    
699    -0.7048      0.4672       0        0.00     0     0    
700    -0.7052      0.4671       0        0.00     0     0    
701    -0.7053      0.4671       3        0.00     0     0    
702    -0.7048      0.4672       2        0.00     0     0    
703    -0.7048      0.4672       2        0.00     0     0    
704    -0.7048      0.4672       3        0.00     0     0    
705    -0.7049      0.4672       3        0.00     0     0    
706    -0.7047      0.4672       1        0.00     0     0    
707    -0.7052      0.4671       3        0.00     0     0    
708    -0.7049      0.4672       3        0.00     0     0    
709    -0.7050      0.4673       2        0.00     0     0    
710    -0.7049      0.4672       1        0.00     0     0    
711    -0.7053      0.4671       1        0.00     0     0    
712    -0.7054      0.4671       2        0.00     0     0    
713    -0.7048      0.4672       2        0.00     0     0    
714    -0.7047      0.4672       3        0.00     0     0    
715    -0.7049      0.4672       0        0.00     0     0    
716    -0.7053      0.4672       2        0.00     0     0    
717    -0.7049      0.4673       0        0.00     0     0    
718    -0.7053      0.4671       0        0.00     0     0    
719    -0.7054      0.4670       0        0.00     0     0    
720    -0.7054      0.4671       0        0.00     0     0    
721    -0.7054      0.4671       0        0.00     0     0    
722    -0.7055      0.4670       0        4.00     0     0    
723    -0.7066      0.4661       0        0.00     0     0    
724    -0.7075      0.4658       0        0.00     0     0    
725    -0.7076      0.4659       0        0.00     0     0    
726    -0.7076      0.4659       0        0.00     0     0    
727    -0.7076      0.4658       0        0.00     0     0    
728    -0.7076      0.4658       0        0.00     0     0    
729    -0.7076      0.4658       1        0.00     0     0    
730    -0.7076      0.4660       0        0.00     0     0    
731    -0.7076      0.4659       1        0.00     0     0    
732    -0.7076      0.4659       0        0.00     0     0    
733    -0.7076      0.4658       3        0.00     0     0    
734    -0.7071      0.4660       0        0.00     0     0    
735    -0.7075      0.4660       3        0.00     0     0    
736    -0.7072      0.4661       2        0.00     0     0    
737    -0.7071      0.4661       0        0.00     0     0    
738    -0.7074      0.4660       0        0.00     0     0    
739    -0.7075      0.4659       2        0.00     0     0    
740    -0.7070      0.4660       0        0.00     0     0    
741    -0.7074      0.4659       0        0.00     0     0    
742    -0.7075      0.4659       0        0.00     0     0    
743    -0.7075      0.4660       0        0.00     0     0    
744    -0.7075      0.4659       0        0.00     0     0    
745    -0.7075      0.4659       1        0.00     0     0    
746    -0.7075      0.4659       0        0.00     0     0    
747    -0.7075      0.4659       0        0.00     0     0    
748    -0.7075      0.4659       0        0.00     0     0    
749    -0.7076      0.4659       0        4.00     0     0    
750    -0.7077      0.4660       0        0.00     0     0    
751    -0.7079      0.4654       0        0.00     0     0    
752    -0.7077      0.4654       0        0.00     0     0    
753    -0.7077      0.4653       0        0.00     0     0    
754    -0.7077      0.4653       0        0.00     0     0    
755    -0.7078      0.4653       1        0.00     0     0    
756    -0.7077      0.4653       3        0.00     0     0    
757    -0.7072      0.4654       0        0.00     0     0    
758    -0.7076      0.4654       0        0.00     0     0    
759    -0.7077      0.4652       2        0.00     0     0    
760    -0.7072      0.4654       0        0.00     0     0    
761    -0.7076      0.4653       0        0.00     0     0    
762    -0.7077      0.4654       1        0.00     0     0    
763    -0.7077      0.4653       0        0.00     0     0    
764    -0.7077      0.4653       3        0.00     0     0    
765    -0.7072      0.4653       0        0.00     0     0    
766    -0.7078      0.4654       0        4.00     0     0    
767    -0.7099      0.4637       0        0.00     0     0    
768    -0.7099      0.4637       0        0.00     0     0    
769    -0.7100      0.4637       2        0.00     0     0    
770    -0.7094      0.4639       2        0.00     0     0    
771    -0.7094      0.4638       0        0.00     0     0    
772    -0.7098      0.4636       0        0.00     0     0    
773    -0.7099      0.4636       1        0.00     0     0    
774    -0.7099      0.4637       1        0.00     0     0    
775    -0.7099      0.4637       0        0.00     0     0    
776    -0.7099      0.4637       0        0.00     0     0    
777    -0.7099      0.4636       0        0.00     0     0    
778    -0.7099      0.4636       1        0.00     0     0    
779    -0.7099      0.4637       3        0.00     0     0    
780    -0.7095      0.4637       3        0.00     0     0    
781    -0.7093      0.4637       0        1.00     0     0    
782    -0.7098      0.4637       0        0.00     0     0    
783    -0.7113      0.4636       0        0.00     0     0    
784    -0.7113      0.4636       2        0.00     0     0    
785    -0.7108      0.4636       2        0.00     0     0    
786    -0.7108      0.4636       1        0.00     0     0    
787    -0.7112      0.4635       3        0.00     0     0    
788    -0.7109      0.4636       1        0.00     0     0    
789    -0.7112      0.4636       0        0.00     0     0    
790    -0.7113      0.4634       0        0.00     0     0    
791    -0.7113      0.4635       0        0.00     0     0    
792    -0.7113      0.4635       0        0.00     0     0    
793    -0.7113      0.4636       1        0.00     0     0    
794    -0.7113      0.4636       0        0.00     0     0    
795    -0.7113      0.4635       1        0.00     0     0    
796    -0.7113      0.4635       0        1.00     0     0    
797    -0.7113      0.4636       0        0.00     0     0    
798    -0.7127      0.4632       0        0.00     0     0    
799    -0.7127      0.4631       3        0.00     0     0    
800    -0.7122      0.4633       0        0.00     0     0    
801    -0.7126      0.4633       2        0.00     0     0    
802    -0.7122      0.4633       1        0.00     0     0    
803    -0.7126      0.4631       3        0.00     0     0    
804    -0.7122      0.4632       0        0.00     0     0    
805    -0.7126      0.4632       0        0.00     0     0    
806    -0.7127      0.4632       0        0.00     0     0    
807    -0.7127      0.4632       0        0.00     0     0    
808    -0.7127      0.4632       2        0.00     0     0    
809    -0.7122      0.4632       0        0.00     0     0    
810    -0.7126      0.4632       1        0.00     0     0    
811    -0.7127      0.4631       0        0.00     0     0    
812    -0.7128      0.4631       0        4.00     0     0    
813    -0.7131      0.4631       0        0.00     0     0    
814    -0.7130      0.4627       0        0.00     0     0    
815    -0.7130      0.4627       0        0.00     0     0    
816    -0.7130      0.4626       0        0.00     0     0    
817    -0.7130      0.4626       3        0.00     0     0    
818    -0.7124      0.4628       2        0.00     0     0    
819    -0.7124      0.4628       0        0.00     0     0    
820    -0.7129      0.4627       0        0.00     0     0    
821    -0.7130      0.4626       0        0.00     0     0    
822    -0.7134      0.4626       3        0.00     0     0    
823    -0.7129      0.4627       0        0.00     0     0    
824    -0.7125      0.4628       2        0.00     0     0    
825    -0.7126      0.4626       3        0.00     0     0    
826    -0.7126      0.4627       0        0.00     0     0    
827    -0.7130      0.4626       1        0.00     0     0    
828    -0.7128      0.4626       1        0.00     0     0    
829    -0.7128      0.4625       0        0.00     0     0    
830    -0.7128      0.4626       1        0.00     0     0    
831    -0.7128      0.4625       1        0.00     0     0    
832    -0.7128      0.4625       0        0.00     0     0    
833    -0.7128      0.4626       1        0.00     0     0    
834    -0.7128      0.4625       2        0.00     0     0    
835    -0.7123      0.4627       0        0.00     0     0    
836    -0.7127      0.4625       0        0.00     0     0    
837    -0.7128      0.4625       2        0.00     0     0    
838    -0.7123      0.4627       0        0.00     0     0    
839    -0.7127      0.4625       2        0.00     0     0    
840    -0.7123      0.4627       2        0.00     0     0    
841    -0.7121      0.4626       0        0.00     0     0    
842    -0.7132      0.4626       1        0.00     0     0    
843    -0.7133      0.4626       0        0.00     0     0    
844    -0.7133      0.4625       0        0.00     0     0    
845    -0.7133      0.4625       1        0.00     0     0    
846    -0.7133      0.4625       1        0.00     0     0    
847    -0.7133      0.4625       0        0.00     0     0    
848    -0.7133      0.4625       3        0.00     0     0    
849    -0.7122      0.4626       3        0.00     0     0    
850    -0.7121      0.4627       1        0.00     0     0    
851    -0.7127      0.4625       0        0.00     0     0    
852    -0.7128      0.4625       3        0.00     0     0    
853    -0.7123      0.4626       0        0.00     0     0    
854    -0.7127      0.4625       1        0.00     0     0    
855    -0.7128      0.4626       0        0.00     0     0    
856    -0.7128      0.4625       1        0.00     0     0    
857    -0.7128      0.4625       0        0.00     0     0    
858    -0.7128      0.4626       0        0.00     0     0    
859    -0.7127      0.4625       0        0.00     0     0    
860    -0.7128      0.4625       0        4.00     0     0    
861    -0.7129      0.4626       0        0.00     0     0    
862    -0.7149      0.4613       0        0.00     0     0    
863    -0.7149      0.4614       0        0.00     0     0    
864    -0.7149      0.4613       0        0.00     0     0    
865    -0.7149      0.4614       3        0.00     0     0    
866    -0.7144      0.4614       0        0.00     0     0    
867    -0.7148      0.4614       2        0.00     0     0    
868    -0.7144      0.4615       0        0.00     0     0    
869    -0.7148      0.4613       1        0.00     0     0    
870    -0.7149      0.4614       1        0.00     0     0    
871    -0.7149      0.4613       0        0.00     0     0    
872    -0.7149      0.4613       1        0.00     0     0    
873    -0.7149      0.4614       1        0.00     0     0    
874    -0.7149      0.4613       3        0.00     0     0    
875    -0.7144      0.4615       3        0.00     0     0    
876    -0.7144      0.4614       3        0.00     0     0    
877    -0.7143      0.4616       0        0.00     0     0    
878    -0.7149      0.4616       1        0.00     0     0    
879    -0.7150      0.4616       0        0.00     0     0    
880    -0.7149      0.4615       2        0.00     0     0    
881    -0.7144      0.4614       1        0.00     0     0    
882    -0.7148      0.4613       2        0.00     0     0    
883    -0.7144      0.4615       2        0.00     0     0    
884    -0.7143      0.4615       1        0.00     0     0    
885    -0.7148      0.4614       0        0.00     0     0    
886    -0.7149      0.4613       1        0.00     0     0    
887    -0.7149      0.4613       1        0.00     0     0    
888    -0.7149      0.4614       0        0.00     0     0    
889    -0.7149      0.4613       0        0.00     0     0    
890    -0.7149      0.4614       1        0.00     0     0    
891    -0.7149      0.4613       0        0.00     0     0    
892    -0.7149      0.4613       0        0.00     0     0    
893    -0.7149      0.4614       0        0.00     0     0    
894    -0.7148      0.4613       0        0.00     0     0    
895    -0.7149      0.4613       0        0.00     0     0    
896    -0.7149      0.4613       0        4.00     0     0    
897    -0.7151      0.4614       0        0.00     0     0    
898    -0.7164      0.4608       0        0.00     0     0    
899    -0.7164      0.4607       3        0.00     0     0    
900    -0.7159      0.4608       0        0.00     0     0    
901    -0.7163      0.4608       2        0.00     0     0    
902    -0.7159      0.4609       2        0.00     0     0    
903    -0.7159      0.4609       2        0.00     0     0    
904    -0.7158      0.4608       2        0.00     0     0    
905    -0.7158      0.4609       0        0.00     0     0    
906    -0.7171      0.4609       1        0.00     0     0    
907    -0.7170      0.4607       3        0.00     0     0    
908    -0.7159      0.4609       3        0.00     0     0    
909    -0.7158      0.4609       3        0.00     0     0    
910    -0.7159      0.4609       3        0.00     0     0    
911    -0.7158      0.4609       0        0.00     0     0    
912    -0.7164      0.4608       0        1.00     0     0    
913    -0.7185      0.4601       0        0.00     0     0    
914    -0.7185      0.4601       0        0.00     0     0    
915    -0.7185      0.4600       0        0.00     0     0    
916    -0.7185      0.4600       1        0.00     0     0    
917    -0.7185      0.4600       0        0.00     0     0    
918    -0.7185      0.4600       0        0.00     0     0    
919    -0.7185      0.4601       0        0.00     0     0    
920    -0.7189      0.4600       2        0.00     0     0    
921    -0.7184      0.4601       3        0.00     0     0    
922    -0.7178      0.4604       0        0.00     0     0    
923    -0.7185      0.4601       1        0.00     0     0    
924    -0.7183      0.4601       1        0.00     0     0    
925    -0.7183      0.4600       1        0.00     0     0    
926    -0.7183      0.4601       1        0.00     0     0    
927    -0.7183      0.4601       1        0.00     0     0    
928    -0.7183      0.4601       2        0.00     0     0    
929    -0.7178      0.4602       3        0.00     0     0    
930    -0.7178      0.4602       2        0.00     0     0    
931    -0.7178      0.4602       2        0.00     0     0    
932    -0.7178      0.4602       1        0.00     0     0    
933    -0.7182      0.4601       2        0.00     0     0    
934    -0.7178      0.4602       2        0.00     0     0    
935    -0.7177      0.4601       1        0.00     0     0    
936    -0.7187      0.4601       2        0.00     0     0    
937    -0.7192      0.4599       1        0.00     0     0    
938    -0.7192      0.4599       1        0.00     0     0    
939    -0.7192      0.4600       1        0.00     0     0    
940    -0.7191      0.4600       3        0.00     0     0    
941    -0.7191      0.4600       3        0.00     0     0    
942    -0.7177      0.4602       3        0.00     0     0    
943    -0.7176      0.4602       1        0.00     0     0    
944    -0.7181      0.4601       1        0.00     0     0    
945    -0.7182      0.4601       1        0.00     0     0    
946    -0.7182      0.4601       0        0.00     0     0    
947    -0.7182      0.4600       1        0.00     0     0    
948    -0.7182      0.4601       0        0.00     0     0    
949    -0.7182      0.4601       3        0.00     0     0    
950    -0.7178      0.4601       3        0.00     0     0    
951    -0.7176      0.4602       3        0.00     0     0    
952    -0.7177      0.4601       2        0.00     0     0    
953    -0.7178      0.4603       2        0.00     0     0    
954    -0.7176      0.4603       3        0.00     0     0    
955    -0.7177      0.4602       2        0.00     0     0    
956    -0.7177      0.4602       0        0.00     0     0    
957    -0.7181      0.4601       1        0.00     0     0    
958    -0.7182      0.4601       0        0.00     0     0    
959    -0.7182      0.4601       1        0.00     0     0    
960    -0.7182      0.4600       0        0.00     0     0    
961    -0.7182      0.4600       1        0.00     0     0    
962    -0.7183      0.4601       0        0.00     0     0    
963    -0.7182      0.4601       0        0.00     0     0    
964    -0.7183      0.4600       0        0.00     0     0    
965    -0.7183      0.4600       0        4.00     0     0    
966    -0.7179      0.4602       3        0.00     0     0    
967    -0.7193      0.4594       0        0.00     0     0    
968    -0.7198      0.4594       0        0.00     0     0    
969    -0.7197      0.4593       0        0.00     0     0    
970    -0.7197      0.4593       0        0.00     0     0    
971    -0.7197      0.4593       2        0.00     0     0    
972    -0.7191      0.4593       1        0.00     0     0    
973    -0.7196      0.4593       1        0.00     0     0    
974    -0.7197      0.4592       3        0.00     0     0    
975    -0.7192      0.4594       0        0.00     0     0    
976    -0.7196      0.4593       1        0.00     0     0    
977    -0.7197      0.4592       1        0.00     0     0    
978    -0.7197      0.4593       2        0.00     0     0    
979    -0.7192      0.4594       2        0.00     0     0    
980    -0.7191      0.4594       3        0.00     0     0    
981    -0.7193      0.4594       1        0.00     0     0    
982    -0.7196      0.4592       2        0.00     0     0    
983    -0.7191      0.4595       1        0.00     0     0    
984    -0.7196      0.4592       2        0.00     0     0    
985    -0.7191      0.4593       2        0.00     0     0    
986    -0.7191      0.4595       1        0.00     0     0    
987    -0.7200      0.4594       1        0.00     0     0    
988    -0.7201      0.4592       1        0.00     0     0    
989    -0.7201      0.4592       1        0.00     0     0    
990    -0.7201      0.4592       3        0.00     0     0    
991    -0.7191      0.4594       3        0.00     0     0    
992    -0.7191      0.4595       3        0.00     0     0    
993    -0.7191      0.4595       2        0.00     0     0    
994    -0.7192      0.4593       1        0.00     0     0    
995    -0.7195      0.4592       1        0.00     0     0    
996    -0.7197      0.4593       0        0.00     0     0    
997    -0.7197      0.4592       1        0.00     0     0    
998    -0.7197      0.4593       3        0.00     0     0    
999    -0.7192      0.4593       3        0.00     0     0    
--------------------------------------------------------------------------------
